   0.0000000000000000     
   3.2844597632561090E-002
   6.5698653067528312E-002
   9.8571634752033788E-002
  0.13147303244747377     
  0.16441236794879899     
  0.19739920587854698     
  0.23044316458111780     
  0.26355392714295078     
  0.29674125256509853     
  0.33001498711469424     
  0.36338507588337876     
  0.39686157458056925     
  0.43045466159129830     
  0.46417465032882887     
  0.49803200191363572     
  0.53203733821169408     
  0.56620145526638055     
  0.60053533716017427     
  0.63505017034354694     
  0.66975735847120887     
  0.70466853778729899     
  0.73979559310383536     
  0.77515067441922270     
  0.81074621422630599     
  0.84659494556270687     
  0.88270992085924149     
  0.91910453164592099     
  0.95579252917909940     
  0.99278804605729931     
   1.0301056188980553     
   1.0677602121532601     
   1.1057672431454932     
   1.1441426084144624     
   1.1829027114684720     
   1.2220644920433585     
   1.2616454569786910     
   1.3016637128294875     
   1.3421380003408530     
   1.3830877309225542     
   1.4245330252717991     
   1.4664947543035254     
   1.5089945825612006     
   1.5520550142942682     
   1.5956994424043671     
   1.6399522004785965     
   1.6848386181467134     
   1.7303850800189764     
   1.7766190884831872     
   1.8235693306634246     
   1.8712657498692522     
   1.9197396218928802     
   1.9690236365432270     
   2.0191519848405477     
   2.0701604523332193     
   2.1220865190401241     
   2.1749694665677737     
   2.2288504930021134     
   2.2837728362300282     
   2.3397819064071399     
   2.3969254283556225     
   2.4552535947497205     
   2.5148192310287101     
   2.5756779730667319     
   2.6378884587284617     
   2.7015125345487121     
   2.7666154788948631     
   2.8332662431039068     
   2.9015377122321695     
   2.9715069872174524     
   3.0432556904307120     
   3.1168702967897417     
   3.1924424928222521     
   3.2700695663010464     
   3.3498548293324930     
   3.4319080780610776     
   3.5163460924612906     
   3.6032931800216659     
   3.6928817674882310     
   3.7852530452240458     
   3.8805576691582786     
   3.9789565257404007     
   4.0806215657794240     
   4.1857367135277030     
   4.2944988578567305     
   4.4071189328533933     
   4.5238230956215091     
   4.6448540094790403     
   4.7704722410586342     
   4.9009577799995867     
   5.0366116898956221     
   5.1777578988455204     
   5.3247451372251007     
   5.4779490290015076     
   5.6377743408412897     
   5.8046573901545599     
   5.9790686087250648     
   6.1615152522562227     
   6.3525442374534506     
   6.5527450764487014     
   6.7627528625647528     
   6.9832512405161395     
   7.2149752668210994     
   7.4587140308805147     
   7.7153128620609124     
   7.9856748912230984     
   8.2707616644583908     
   8.5715924205551133     
   8.8892415408300103     
   9.2248335607489622     
   9.5795350000726955     
   9.9545421290365468     
   10.351063655462262     
   10.770297213690100     
   11.213398494480636     
   11.681441923341946     
   12.175372035668182     
   12.695945184897425     
   13.243662030727286     
   13.818692446487720     
   14.420796066658724     
   15.049243584168536     
   15.702745884338803     
   16.379399789029840     
   17.076660060300284     
   17.791346808982631     
   18.519695127284233     
   19.257449521498557     
   19.999999999999996     
