   1.6421707828314425E-002
   4.9269851721135183E-002
   8.2132185643359890E-002
  0.11501818736304870     
  0.14793736131437640     
  0.18089924935117097     
  0.21391344158783454     
  0.24698958735339716     
  0.28013740628446016     
  0.31336669958392349     
  0.34668736147236245     
  0.38010939086029794     
  0.41364290327004483     
  0.44729814303704529     
  0.48108549582157423     
  0.51501550146332420     
  0.54909886721200252     
  0.58334648136952438     
  0.61776942738046614     
  0.65237899840964531     
  0.68718671244727147     
  0.72220432798525991     
  0.75744386030960698     
  0.79291759845730780     
  0.82863812288878336     
  0.86461832393004556     
  0.90087142104218287     
  0.93741098297987691     
  0.97425094890400032     
   1.0114056505187037     
   1.0488898353074774     
   1.0867186909482740     
   1.1249078709934537     
   1.1634735219063330     
   1.2024323115532169     
   1.2418014592566919     
   1.2815987675242440     
   1.3218426555749261     
   1.3625521947962369     
   1.4037471462734459     
   1.4454480005455324     
   1.4876760197532093     
   1.5304532823588772     
   1.5738027306321953     
   1.6177482211113912     
   1.6623145782677256     
   1.7075276516195856     
   1.7534143765636259     
   1.8000028392133203     
   1.8473223455600873     
   1.8954034952998882     
   1.9442782606980629     
   1.9939800708985587     
   2.0445439021192797     
   2.0960063742160884     
   2.1484058541408046     
   2.2017825668673794     
   2.2561787144129255     
   2.3116386036388121     
   2.3682087835809966     
   2.4259381931295820     
   2.4848783199551292     
   2.5450833716654557     
   2.6066104602706304     
   2.6695198011386054     
   2.7338749277384053     
   2.7997429235944580     
   2.8671946730156321     
   2.9363051323154252     
   3.0071536234099483     
   3.0798241518661484     
   3.1544057516775084     
   3.2309928592697759     
   3.3096857194855858     
   3.3905908265669638     
   3.4738214034494490     
   3.5594979230024180     
   3.6477486751982866     
   3.7387103845689325     
   3.8325288827112871     
   3.9293598410334454     
   4.0293695693867306     
   4.1327358867017665     
   4.2396490702320477     
   4.3503128904944290     
   4.4649457394680425     
   4.5837818600474804     
   4.7070726851130757     
   4.8350882948368650     
   4.9681190009311251     
   5.1064770663885142     
   5.2504985687567043     
   5.4005454139998008     
   5.5570075063444762     
   5.7203050769570041     
   5.8908911705453377     
   6.0692542836366883     
   6.2559211408453166     
   6.4514595852828478     
   6.6564815455755166     
   6.8716460237496051     
   7.0976620243159374     
   7.3352913137760254     
   7.5853508597919941     
   7.8487147485088116     
   8.1263153149741925     
   8.4191431433346509     
   8.7282454989908871     
   9.0547226436797246     
   9.3997213579316892     
   9.7644248581959019     
   10.150038157875223     
   10.557767799791819     
   10.988794809683721     
   11.444239726703433     
   11.925118712819167     
   12.432290097664598     
   12.966391355714350     
   13.527767509045525     
   14.116393339506828     
   14.731793547281534     
   15.372966962878092     
   16.038322808967123     
   16.725638360949397     
   17.432047609221989     
   18.154069149878751     
   18.887678227508843     
   19.628422779784156     
