   0.0000000000000000     
   2.9472660423252250E-002
   5.8952936129486488E-002
   8.8448449620628367E-002
  0.11796683784949380     
  0.14751575947766327     
  0.17710290217237912     
  0.20673598995561804     
  0.23642279061864002     
  0.26617112321552128     
  0.29598886564921401     
  0.32588396236425154     
  0.35586443216002195     
  0.38593837613936088     
  0.41611398580711523     
  0.44639955133401088     
  0.47680347000146028     
  0.50733425484338568     
  0.53800054350176296     
  0.56881110731304574     
  0.59977486064317276     
  0.63090087048966836     
  0.66219836636990692     
  0.69367675051530142     
  0.72534560839208950     
  0.75721471957022146     
  0.78929406896245879     
  0.82159385845717026     
  0.85412451896893771     
  0.88689672293227773     
  0.91992139726484368     
  0.95320973682774124     
  0.98677321841151411     
   1.0206236152780050     
   1.0547730122892958     
   1.0892338216564639     
   1.1240187993423447     
   1.1591410621537861     
   1.1946141055607100     
   1.2304518222805179     
   1.2666685216683398     
   1.3032789499549011     
   1.3402983113757578     
   1.3777422902371654     
   1.4156270739654460     
   1.4539693771885851     
   1.4927864669000890     
   1.5320961887570377     
   1.5719169945652993     
   1.6122679710065846     
   1.6531688696628848     
   1.6946401383949095     
   1.7367029541317720     
   1.7793792571294915     
   1.8226917867558043     
   1.8666641188581572     
   1.9113207047705885     
   1.9566869120132750     
   2.0027890667356729     
   2.0496544979504137     
   2.0973115835999927     
   2.1457897984917835     
   2.1951197641288047     
   2.2453333004533462     
   2.2964634795080912     
   2.3485446810042774     
   2.4016126497678840     
   2.4557045550130390     
   2.5108590513654825     
   2.5671163415280382     
   2.6245182404432299     
   2.6831082407652715     
   2.7429315794032121     
   2.8040353048382407     
   2.8664683448498138     
   2.9302815742061838     
   2.9955278817833531     
   3.0622622364712839     
   3.1305417511054046     
   3.2004257435232049     
   3.2719757936883695     
   3.3452557956459259     
   3.4203320028697206     
   3.4972730653356905     
   3.5761500563989763     
   3.6570364872682291     
   3.7400083065545502     
   3.8251438820250172     
   3.9125239613104057     
   4.0022316079053404     
   4.0943521083576222     
   4.1889728460765578     
   4.2861831367034799     
   4.3860740194905912     
   4.4887379986391629     
   4.5942687280726631     
   4.7027606326863634     
   4.8143084587514782     
   4.9290067458942772     
   5.0469492129625451     
   5.1682280501852009     
   5.2929331103863824     
   5.4211509927020956     
   5.5529640133413878     
   5.6884490595168877     
   5.8276763248233259     
   5.9707079271471297     
   6.1175964137123184     
   6.2683831621555761     
   6.4230966915916134     
   6.5817509034484640     
   6.7443432783311437     
   6.9108530621465647     
   7.0812394819408802     
   7.2554400390155518     
   7.4333689334561441     
   7.6149156796958355     
   7.7999439765452863     
   7.9882908966232264     
   8.1797664587118177     
   8.3741536417195714     
   8.5712088903071191     
   8.7706631496997272     
   8.9722234509611383     
   9.1755750485680370     
   9.3803840903915976     
   9.5863007773730295     
   9.7929629477274602     
   9.9999999999999982     
