   1.4735854341008547E-002
   4.4211370213474765E-002
   7.3698311265978589E-002
  0.10320430632058475     
  0.13273700227512109     
  0.16230407137893366     
  0.19191321855421961     
  0.22157218877616458     
  0.25128877452527831     
  0.28107082332548927     
  0.31092624538174718     
  0.34086302133123780     
  0.37088921012248477     
  0.40101295703703954     
  0.43124250186875912     
  0.46158618727618972     
  0.49205246732380203     
  0.52264991622858759     
  0.55338723732884887     
  0.58427327229264137     
  0.61531701058401822     
  0.64652759920573999     
  0.67791435273800005     
  0.70948676369329888     
  0.74125451320850644     
  0.77322748209603986     
  0.80541576227683009     
  0.83782966861894437     
  0.87047975120649568     
  0.90337680806477039     
  0.93653189836843964     
  0.96995635616104181     
   1.0036618046151133     
   1.0376601708635391     
   1.0719637014342460     
   1.1065849783215995     
   1.1415369357293699     
   1.1768328775216546     
   1.2124864954196717     
   1.2485118879839234     
   1.2849235804229409     
   1.3217365452712500     
   1.3589662239811702     
   1.3966285494744710     
   1.4347399697016456     
   1.4733174722583158     
   1.5123786101095753     
   1.5519415284749272     
   1.5920249929275059     
   1.6326484187628196     
   1.6738319016930561     
   1.7155962499239656     
   1.7579630176717558     
   1.8009545401775782     
   1.8445939702768754     
   1.8889053165799652     
   1.9339134833186975     
   1.9796443119116276     
   2.0261246242969264     
   2.0733822680778076     
   2.1214461635193551     
   2.1703463524286555     
   2.2201140489404985     
   2.2707816922200976     
   2.3223830010801016     
   2.3749530304926694     
   2.4285282299571449     
   2.4831465036599809     
   2.5388472723348343     
   2.5956715366972638     
   2.6536619422884584     
   2.7128628455160708     
   2.7733203806255560     
   2.8350825272722773     
   2.8981991782907812     
   2.9627222071727530     
   3.0287055346669263     
   3.0962051938014028     
   3.1652793924995670     
   3.2359885728133264     
   3.3083954656293564     
   3.3825651395138863     
   3.4585650421466703     
   3.5364650325535294     
   3.6163374020768622     
   3.6982568817235730     
   3.7823006331980729     
   3.8685482205641861     
   3.9570815590837505     
   4.0479848373528817     
   4.1413444084021336     
   4.2372486449489699     
   4.3357877534978613     
   4.4370535414853176     
   4.5411391311795164     
   4.6481386135862230     
   4.7581466352099682     
   4.8712579102039442     
   4.9875666502532816     
   5.1071659045220716     
   5.2301468022107436     
   5.3565976907825501     
   5.4866031637982058     
   5.6202429736258992     
   5.7575908261518087     
   5.8987130570861659     
   6.0436671926156613     
   6.1925004010537474     
   6.3452478468189319     
   6.5019309635216640     
   6.6625556691047159     
   6.8271105527343590     
   6.9955650702732157     
   7.1678677923820491     
   7.3439447562003632     
   7.5236979776550328     
   7.7070041861726857     
   7.8937138463063441     
   8.0836505309049063     
   8.2766107073846946     
   8.4723639919591722     
   8.6706539161005143     
   8.8711992350722131     
   9.0736957904405191     
   9.2778189177560026     
   9.4832263681513442     
   9.6895616897728143     
   9.8964579932826702     
