   8.4889767109217473E-003
   2.5469457137248241E-002
   4.2457521568948664E-002
   5.9458235989382047E-002
   7.6476681377869227E-002
   9.3517959760504255E-002
  0.11058720031398650     
  0.12768956553755118     
  0.14483025750909206     
  0.16201452424138552     
  0.17924766615514187     
  0.19653504268582367     
  0.21388207904199419     
  0.23129427313349282     
  0.24877720268843007     
  0.26633653257916023     
  0.28397802237773817     
  0.30170753416317808     
  0.31953104060322346     
  0.33745463333524839     
  0.35548453167187688     
  0.37362709165862640     
  0.39188881551261545     
  0.41027636147313729     
  0.42879655409689832     
  0.44745639503312873     
  0.46626307431593261     
  0.48522398221419394     
  0.50434672168194794     
  0.52363912145563063     
  0.54310924984780229     
  0.56276542929094830     
  0.58261625168908182     
  0.60267059463933492     
  0.62293763859085516     
  0.64342688501379541     
  0.66414817565701867     
  0.68511171298007412     
  0.70632808185194307     
  0.72780827261716041     
  0.74956370563876362     
  0.77160625743709943     
  0.79394828855409116     
  0.81660267328466318     
  0.83958283142958123     
  0.86290276223857632     
  0.88657708072861396     
  0.91062105657931625     
  0.93505065582776581     
  0.95988258560579709     
  0.98513434218773455     
   1.0108242626426431     
   1.0369715804156456     
   1.0635964851955464     
   1.0907201874638304     
   1.1183649881612183     
   1.1465543539545848     
   1.1753129986396686     
   1.2046669712730136     
   1.2346437516931132     
   1.2652723541642885     
   1.2965834399613527     
   1.3286094398066126     
   1.3613846871786706     
   1.3949455636327031     
   1.4293306574099631     
   1.4645809367699201     
   1.5007399396566257     
   1.5378539815132228     
   1.5759723832904768     
   1.6151477219601702     
   1.6554361061480023     
   1.6968974798501080     
   1.7395959575988869     
   1.7836001949075637     
   1.8289837983584931     
   1.8758257803203406     
   1.9242110639991949     
   1.9742310453655136     
   2.0259842194746938     
   2.0795768798377736     
   2.1351239008337473     
   2.1927496147191761     
   2.2525887966326223     
   2.3147877731609157     
   2.3795056725996062     
   2.4469158380770821     
   2.5172074283193808     
   2.5905872351252768     
   2.6672817517429195     
   2.7475395324633070     
   2.8316338910846142     
   2.9198659947164032     
   3.0125684199984022     
   3.1101092515963629     
   3.2128968182748778     
   3.3213851805084005     
   3.4360805061630657     
   3.5575484980842731     
   3.6864230704208794     
   3.8234165103126827     
   3.9693314093861005     
   4.1250747066155000     
   4.2916742516786712     
   4.4702983767220914     
   4.6622790542471506     
   4.8691393174600321     
   5.0926257210181092     
   5.3347467120763667     
   5.5978178395447671     
   5.8845147089581076     
   6.1979344127001923     
   6.5416656955311225     
   6.9198671274058086     
   7.3373506808750832     
   7.7996647677182267     
   8.3131651052887747     
   8.8850525426009845     
   9.5233427223264329     
   10.236712009600602     
   11.034138068952373     
   11.924227442632095     
   12.914112789616581     
   14.007842428542716     
   15.204323524900484     
   16.495154478244203     
   17.863044273430610     
   19.281751809490430     
