   0.0000000000000000     
   1.6978585126210533E-002
   3.3962225009318558E-002
   5.0955980391528044E-002
   6.7964924000506244E-002
   8.4994146579674634E-002
  0.10204876296354115     
  0.11913391821371988     
  0.13625479383087225     
  0.15341661405889795     
  0.17062465229743395     
  0.18788423763970030     
  0.20520076155273159     
  0.22257968471834033     
  0.24002654405330759     
  0.25754695992830534     
  0.27514664360585073     
  0.29283140491898507     
  0.31060716021275425     
  0.32847994057243568     
  0.34645590036349461     
  0.36454132610965928     
  0.38274264573742300     
  0.40106643821667376     
  0.41951944362936189     
  0.43810857370013423     
  0.45684092282526478     
  0.47572377963851409     
  0.49476463915574698     
  0.51397121554271763     
  0.53335145555412566     
  0.55291355269542919     
  0.57266596216308585     
  0.59261741662301404     
  0.61277694289213969     
  0.63315387959285374     
  0.65375789585616673     
  0.67459901115535104     
  0.69568761635933640     
  0.71703449610196657     
  0.73865085257236274     
  0.76054833084016593     
  0.78273904584024478     
  0.80523561115207087     
  0.82805116972158999     
  0.85119942668725912     
  0.87469468448651355     
  0.89855188043622292     
  0.92278662699870040     
  0.94741525496589674     
  0.97245485981690649     
  0.99792335152928047     
   1.0238395081533582     
   1.0502230334897504     
   1.0770946192459263     
   1.1044760120865078     
   1.1323900860366578     
   1.1608609207464013     
   1.1899138861798662     
   1.2195757343548763     
   1.2498746988287834     
   1.2808406027048420     
   1.3125049760227512     
   1.3449011834968871     
   1.3780645636801836     
   1.4120325807600906     
   1.4468449903395566     
   1.4825440207228979     
   1.5191745714156326     
   1.5567844307646084     
   1.5954245149120965     
   1.6351491305213983     
   1.6760162640572887     
   1.7180879007790111     
   1.7614303770352251     
   1.8061147699481026     
   1.8522173291505624     
   1.8998199559078586     
   1.9490107357314628     
   1.9998845314961216     
   2.0525436451248709     
   2.1070985571398211     
   2.1636687548205487     
   2.2223836614092605     
   2.2833836808000001     
   2.3468213745078543     
   2.4128627905040503     
   2.4816889668127402     
   2.5534976366983315     
   2.6285051669605437     
   2.7069487664526122     
   2.7890890086405093     
   2.8752127200618887     
   2.9656362962101781     
   3.0607095180125725     
   3.1608199561185586     
   3.2663980671864579     
   3.3779231068784483     
   3.4959300090992897     
   3.6210174110344155     
   3.7538570397917255     
   3.8952047201005229     
   4.0459133148292352     
   4.2069479722954100     
   4.3794041274699467     
   4.5645287885863581     
   4.7637457353308221     
   4.9786853559634210     
   5.2112199496584282     
   5.4635053993973202     
   5.7380301467900949     
   6.0376723138210906     
   6.3657655143627707     
   6.7261732051579486     
   7.1233700521572416     
   7.5625262685289272     
   8.0495864975139888     
   8.5913275233738489     
   9.1953675313019687     
   9.8700823758230953     
   10.624360785318444     
   11.467103179389184     
   12.406347935132562     
   13.447918709191043     
   14.593569264906765     
   15.838807171678738     
   17.170910963277603     
   18.567992513987026     
   20.000000000000011     
